[audio]

master_volume=0.666667
music_volume=0.666667
sfx_volume=0.666667

[graphics]

fullscreen=false
width=1980
height=1080
